0.891878298906321
0.637207047833909
1.2119045695064
0.1161579047567
-0.162305380663066
-0.840787411116204
-1.13139521571261
1.66465640587373
-0.310700357857197
0.826092713331063
1.34988788982844
-1.43892830303673
0.920899997985119
-0.971588856704418
-0.0423397311759179
-1.05620546610046
0.687232047411907
-0.313466197799265
-2.05016201908978
1.18404812709733
0.972164259057259
-0.123729291233023
-0.535962897283849
0.303489593375468
0.955091041005435
0.6064649503314
0.313438218587667
-1.08732310140257
0.0566708585321102
0.437267790814629
0.614044772386772
0.52115774530211
-0.682382994984666
1.00871944622852
0.0689514605119921
0.523972733022179
0.715232979669579
1.38902317506517
0.885393602122711
-0.0399310633367739
0.673266256568811
1.06777162487472
0.0392889399138696
0.687892966393037
0.621158553722692
-0.679972571154181
-1.19865322661582
-1.10707830412572
0.728281008631501
0.569346403968214
1.09175450645191
-0.29460918872043
-0.327571879216947
0.283877598123198
0.430049999771137
-0.811768204595
0.750908071840313
-1.35435955442709
1.05655356015022
0.446828018291122
0.837667319504071
0.211503660175748
-1.74133774265093
-0.845484492277423
-0.40680717348089
-0.619161317985729
-0.0014833064694822
-0.0780626796411281
-0.730762625475719
1.78938479204894
0.316661434545788
-0.64834339951054
-2.60988231645327
0.213159483149069
1.0778602089343
0.35165198532228
-0.238303459220475
-0.748075545306788
-0.430756556599422
-0.930703196527166
-1.60719900702772
-2.03649665022376
-0.0515900054594712
-0.654574959964052
-0.244101138372051
0.194620235949648
-0.550590716907021
1.7695468236232
-0.460464317085406
-1.28101805103302
0.530072652686947
0.205244496106727
1.50167261227718
0.162820822685606
-0.446292737024231
0.7317982021083
-1.64761381337851
-0.14983191934491
2.21137739057787
-2.05440905044311
-0.0499679796242485
0.411055226814452
-0.446860210250913
0.915522438755898
1.16410707586983
1.23699810396294
1.87787244045325
0.947249805591709
1.36392212444215
1.0435747822393
0.618160887111417
1.1117886494811
-1.4492592467259
0.526642668182601
1.17132362011489
1.13144480289737
-1.43402913079591
-1.26249831920151
1.35786183505052
0.268618138658196
0.416357951288935
2.36438807292003
-1.6641565586436
-0.736420133663058
0.6432987795832
0.0499809970066876
-1.06623678969592
-0.987634178608511
-1.4721268880321
0.291688722377226
-0.444951135690072
0.325674858721991
-0.763381564869406
-0.818350343185718
-0.233774792463761
-0.369565776723252
-1.32860478375936
-0.377087751920383
0.423696724958192
-0.642438196891712
0.450333554951906
-0.309691303489218
-1.81231073767207
-1.2300418214037
-0.235258715677378
-0.704207075763672
-1.5564677147057
-0.302904830720446
1.02801637122095
0.869553559148487
-0.0670106952293502
1.0283297478227
0.965061795163958
0.627084085867572
1.79147386673931
1.46524005295792
-0.546761892501251
-1.50495905549985
-0.775994835201265
-1.09145686922075
-1.9117746204235
-0.738784342538258
0.651215916477779
-0.164261253726554
-0.289556414281299
1.07151055888813
-0.809296774942009
0.599660872948918
-2.18067163461567
-0.801791612097008
-1.2997665504861
0.473133012411169
1.4919849930071
0.149558697859833
-1.37484678310459
-0.0566297503229567
0.888496398136472
-0.512399968128368
1.85408441843177
0.142580441522131
-1.97376427613586
-1.26442128554956
1.38411637881933
-0.27082844756327
0.308252451066928
0.342298531939845
0.355499866429616
0.810257415314923
1.32649780068717
-0.612182206947894
-0.0828767868435386
1.11347096242876
0.352025963193291
-1.16379117252707
0.807226329780892
1.01414273310184
-0.165412726344792
-0.171712744381935
-0.774396495382528
1.11552685912621
-1.93152200891266
-1.22184937946973
-0.256649141806841
0.0903398325779444
0.790089502524608
0.300830063364915
1.18211505664247
-0.143971119896153
1.12366177481331
0.499914421944836
-0.950594686320801
0.757837864967249
0.554393596290163
-1.29166875431205
0.454901724880645
-0.754012019842561
-0.172540216535395
-1.91614073832203
0.575043518623212
-0.318648151504118
-1.23493067174209
0.514583545149819
0.787244394517732
2.59155889120487
-1.29190517240212
-0.633271568170311
0.187665831580702
-0.413025683135717
-1.5363601559159
-0.729574939057082
-0.155148730004123
-0.575613270219234
-0.414040022680338
0.271240755624283
0.921377214459793
-0.256271523060113
0.139980467110759
0.0941178996369103
0.147927174455144
-0.421366119365466
0.0834331054198422
-0.42882987101376
-0.16773779514717
1.19896870693878
-2.4261008958019
-0.381633819258522
0.173444285691989
-0.254404292824247
-0.764707899514278
0.869774496014553
2.768313909752
-0.507934447340334
-0.964603503971386
0.0977453566706521
-1.35868357613127
-0.48308891239076
-0.0778146927013911
0.206883448421874
-0.828932535928152
0.454989308985716
-1.86179495709105
0.667157282671403
2.73896304743136
0.700977110357384
-0.70426487127477
-0.485231976111339
0.447876371117939
-0.861466610223146
-0.0610762324376014
-0.464969806700966
-0.82858754326943
-0.701296292335411
0.413571542340701
-1.4645638699584
0.130377044067394
-0.214442220703613
1.90870107816193
-0.942197059866194
-0.0288929331020556
-0.0160953238076852
1.44345013263424
-0.973895364406448
1.58644844413011
0.475784361009293
-0.936470958423663
-0.149524785970915
-1.35411147553725
-0.448757225619075
0.518941508656222
0.524516449273431
2.34889241359247
-0.400771798564678
0.413189112896559
-0.144202602838211
0.347525521242245
1.28091558364885
-0.0889438565224228
-0.476049775550318
-0.660415217544021
-0.618871796247629
-1.05350897647576
0.947845038193007
-1.95666014324967
1.44133251903662
0.726435028578933
0.710930327087791
-0.0853121930797518
0.146558667389109
-0.229095838992364
-0.437596985022425
-1.12178915095531
-0.10883373828958
-1.10123644141156
0.161084295178661
-0.0584278661212251
-0.0876951315495638
0.646761684574943
1.95400553015126
-0.883967849341805
1.76828549499774
-0.691483114876421
1.25831830653335
0.295659230536855
0.37469845046765
0.962341211179425
-0.0962737873893632
1.34753667739881
-1.54928887404735
-0.939231185395678
-0.0985135131152634
0.356971046096204
-1.66612277774928
0.83045287682733
-0.442913201108665
-1.36039482292378
2.15196524596667
-1.22129622085244
-0.987294819553786
-0.621574045753306
-0.83170337407319
-0.823954149886387
-0.223777675010659
-2.11029962724954
0.501912781577785
-1.8884156434912
0.278110073341197
-1.30840628711444
-0.825749812055553
0.633161510017708
-1.23090738229154
-0.139107451067273
0.138718512228681
0.0867064663694843
-0.703894001811005
-0.3806916892985
-0.79534199384172
1.2923015725543
-0.2694973411652
0.218258154014824
-0.481531094087793
0.747379516500746
0.698226690915373
1.54477561919135
1.29067887811127
0.701274407562161
0.828914444066321
-1.09378262515814
0.441066682395406
-1.33681305856832
-0.0583977699385198
1.52367478415581
-0.826356336377205
0.494449694212322
0.199160909133244
-0.241926593672416
0.284705375206858
-0.222499198178052
0.603450629877511
2.56340307183235
-0.522760666889851
-2.14150276511728
-1.7981752208124
1.2353852086652
0.0912093460302847
-0.190877523477001
0.889908282793448
1.55625043182627
-0.297953829537932
-0.916450044616284
-1.45591430146104
-0.521912095138958
0.530180732155656
0.0162178958855643
2.6156535237064
-0.297026219289146
-1.53499972343961
-1.12972089449187
0.215671658205503
-0.0661640223174035
1.52155117769823
-0.655313237552606
-0.710005411493844
-0.0119198974406087
-0.700947678170807
-0.322912531033207
0.752858358476732
-0.696090589691259
-1.20620507248212
-0.0779211227343241
0.200295877150293
-0.190257553116794
0.229877321683665
0.551017354567094
-0.582563527986228
0.405624770602861
0.117104397968071
0.238266599507994
1.08937099035671
0.287854588944854
0.0519013556228074
0.750884466179798
0.187489880018639
0.455532404730138
-1.40944165299204
-0.642930830814724
-0.0438542071364417
-0.972284995879987
1.02959303182693
-0.0704786729134506
1.72289629982897
-0.502730106162938
1.70279720601058
1.82313335398861
0.703522783483011
-0.985201261055707
-0.895701606326093
0.236774596128554
-0.476360484645458
1.04565918090532
-1.1173720646913
-0.289927537539653
0.844799370306883
1.38491905251498
-0.54668058315821
-1.15582346088944
-0.565081221518403
0.36181227969378
-0.701304113639873
-0.239215255841543
-2.35829261539657
-1.80012576790326
1.08671496006264
0.696792262365788
-0.928569790182743
-0.50401382269015
0.865145003635711
0.011391146843325
-0.10676669862786
-2.32979064951975
2.53461106620231
0.229226479688009
-0.0772278565097495
-0.946629341526442
0.26477685096142
0.599375135555041
-1.13196612386679
-0.418944065463514
1.21911252755332
-0.713964456319443
1.84082498628174
0.0597857192338684
0.606501248566402
-1.06634339474305
1.36960437519133
0.649351246457508
1.43643418438061
-0.850538666145505
-1.47953635130953
-0.561865528182352
0.474799120123941
-0.922830455261031
1.23824876803737
0.0782940235780775
0.198750649159067
0.193564609984276
-2.19989673943621
0.493552152402199
-0.531480598895918
0.170183226232615
-0.371413726575445
0.807804286714543
1.23554662044314
-1.62570097252595
-0.913770636086405
0.890487297827454
0.45812268748231
-0.507604230040851
-0.287123082013961
-0.219252631852279
-1.3671671825537
-0.152301308983874
0.0191333626124331
-0.940812172480271
0.706532931885635
0.439237969899992
0.57733864830179
1.39994638880824
0.325674652688335
0.280713676971115
1.13667382690689
0.874196112402986
1.7964523119154
0.49976607219606
1.16078628268427
0.718175147859141
-0.650334936791231
0.574805154631045
0.619106730079046
-0.616840830485526
-2.12043443271878
-0.673959426675123
-0.0622446741682934
0.26483041145623
-1.34046903596521
-0.592725906907514
-0.502083907098632
-0.867577535121606
-0.0493513457959781
1.05078869982446
0.98666838418648
0.385448210162859
-0.702654727806343
-1.06207994448349
-0.547736499177442
-1.57735076363929
-0.731102195025784
0.280369327858012
-1.72469570754502
-0.185297035419463
0.945504310715683
-0.0404875006126037
-0.353566285146041
-1.30005683453768
0.356876711920613
0.700600127321576
-0.507278606240862
0.164677456324411
0.446110421162852
-0.74805716846673
0.404649812709085
-0.329113219744977
0.664652883518924
0.366308684609157
1.25197841547083
0.0739983198313298
-0.47163703971725
0.150925278835389
1.72349162294503
-0.3894369895557
-0.0673461443095013
-0.893737349349232
-0.833249288715827
-0.0302102851343589
0.870802930446193
0.0872486326247717
0.919156651384443
-0.812296111055178
-0.118925876069878
0.704666643581315
-1.2781780731663
1.362790437348
-2.22979694065753
0.948877168038902
-1.63945266638587
0.291183959178176
-0.774509752597165
0.789650052796228
0.938917682288595
1.05114531107314
-0.971520163354133
0.13194849000458
0.858578087544113
0.95703451059609
-0.404080604235079
-1.13054131786926
0.496952597046567
-0.736592115355936
0.31213524849177
0.625731728523505
-0.830999043159931
0.299572924188384
-0.0220342155410429
-1.39266855588623
-0.184898907315287
1.2700194333915
-0.110064068656698
-0.630985477795235
0.815473176959954
-1.39502498421291
0.22106354030155
-1.81106840931022
-1.10076705349456
2.20795585511319
0.219325643418364
-1.84903204022365
-0.560265210779309
-0.695566925789829
1.631187541393
0.634224484464202
2.55915454392969
-0.862857058972099
0.529734606387175
-1.14374586912258
1.96077173953634
-1.0083762195773
1.01937458767027
-0.492246080159516
1.7398593203427
1.04968592465691
1.10412700297889
0.917723359953435
-0.266826242006666
0.748737074973496
-0.00838324319054589
-0.0891205719351081
0.0536881290834043
0.314666155804024
1.59427400508496
0.951287408655416
0.49167679041518
0.425077691619925
1.59972037780594
0.909033390855746
0.291085893513434
1.29391966892315
-0.503732355264032
-1.15304587486605
-0.0322182230667929
0.323286278478589
1.49374797193503
-1.2756051813068
-0.168845550593648
-1.25208760093126
0.398446116249493
1.66813737075203
-0.165365519400927
1.0572420363717
-0.193510640764356
-1.63194511058773
-0.48553353432873
-1.03388182895679
-0.425507413426681
0.872694795241238
0.06320848946291
0.201828861854126
-0.0188447680712307
-0.0344026687654997
-0.411233848810116
-0.119302400128599
0.403073955800386
-0.305199679324612
1.10471869367321
0.936093055870892
-0.527961407161641
0.889384023447586
-0.937103135160025
0.693230056279368
1.21846354963683
-1.01131789641887
0.428861905739634
0.989072446740347
1.21046437675141
-0.583530371831671
0.0889883147385053
-0.580806921791398
-0.57111996023435
-0.614394420511366
-1.79576167666276
-1.58419610812175
0.770631946452625
0.414941910073744
-0.810949267432098
0.371527193103626
0.419033199028928
-0.709479088801525
-1.98621030813428
0.988009389664415
0.665710140971137
0.389388502944368
-1.52852342911914
-0.598514031916584
-2.09656244358344
-0.373260271471369
1.7922833343334
0.908708234100767
-0.523850055618454
-1.0718147573285
0.19196064605655
0.973374254743261
-0.662761897073672
-1.52934985542517
0.545382947017058
0.687675669021766
2.18060955736972
0.299336153835847
0.0134600356876361
0.475832755808788
1.56102039896961
-1.66695680275287
-0.259081594128998
-0.585003109676096
-0.794181156469603
-1.81911078547324
-0.836313584693688
0.421185562483628
-0.830861504812616
-0.757863853440683
1.0061855915389
0.604699910250922
0.504663479222687
0.777834442208453
-0.266205717033987
1.72842914217026
-0.258611070258772
-0.22974807483639
0.764693131435028
-0.275732301514642
-0.409487541771375
-0.587367639831726
-0.232547963746295
-0.319301770748538
-0.480899137200961
-0.433221993305641
-0.0229309396125453
0.506859056235962
-2.01517398883743
-0.33820943329142
2.26715959358721
0.531351664909816
0.75303679597961
-0.516846145540654
-0.49255304634051
-1.5542438451594
-0.190423574335508
-0.114762430212502
-0.550963112253488
-0.0444431400019168
-0.0204004557617095
-0.0376880525030559
-1.54094243332664
0.333726187598206
-0.547281875400144
1.26973082203581
0.26130125251906
0.844928001988672
1.05665200066457
-0.858762841823805
-0.125384439932905
-1.55215980194192
0.158859766030488
-0.663023471308101
0.251839545735356
0.201248981359822
-0.219893628636986
1.72110459062808
0.693964407853435
2.68985895930792
1.45669126747033
-1.11950216103176
0.595236400630946
-0.762410740630369
-1.05657633038346
-1.14460846236726
0.270047910929528
-1.51420890357348
-0.87151331053566
-0.169640907568793
0.129457117754541
-0.952245312824584
-0.745050010933777
-0.808244564737633
-0.0957550092971238
-0.0341558157250622
-1.89541333022164
-1.04971887157704
-1.30022526668754
0.339315637799527
-0.347449877797748
1.22792662062868
-1.46624645691873
0.71297766707406
-1.42511249917665
-1.04838137141094
0.382343702520536
0.800547619135299
-1.37689025931644
-0.142617009215619
-0.660401414203431
1.37891181202922
-0.102486113050604
-0.0212039237975744
-0.232051475866413
-0.0377300466237272
-0.990270149301617
-1.81440251511907
-0.00446812181532529
0.871928137695427
-0.490139586468084
-1.40671191499506
-0.692698868776856
-1.05179037442714
0.180680817407385
-0.20822768975695
0.371147184877487
0.687297501551968
-0.41215312529296
0.115443195702766
0.0695207977725562
0.636022944462097
0.221067686351518
-0.0143306338497153
-1.43561525705967
0.639482120518224
0.159674967993016
-0.336515997062728
0.758855687147728
1.1727288749254
-1.37154826523762
1.57499267742711
0.212520375837392
-0.0903029518987034
0.21172216978968
0.841931722895461
0.287506479908935
-1.21095047235414
-1.28449357758692
-0.971872267309529
0.677915060298406
0.0695542544971982
-0.0879248995821338
-1.58537079510074
0.108048453789912
-0.0355536492379032
0.668576818917622
-2.66295939930119
0.030007041218771
-1.02949514646852
-1.03355866816361
-0.0656146014719502
0.262215062309384
-1.07101583657916
0.222301873991388
0.446365190195331
0.347084335079587
0.326919148993993
-0.523977722970932
0.206223426502672
-0.137884027817766
1.60743377698744
-0.359523888782255
-0.116224201377989
-0.788559916313276
-0.297196345996549
-0.341110944795892
0.868345352167491
0.162523883860587
-1.75309233007203
-0.851315627453264
1.16575704475205
-0.588945345462589
-1.34183842407592
-0.381030140764309
0.860123138191915
-1.03157685729313
-2.69200431872546
0.283605919646883
0.0285553276011922
-0.881190762159019
-0.0787164205563887
-0.730733356133944
-0.0885189084977353
0.404758646066207
0.671518245708918
-0.155532434317143
-0.991098811703322
-0.224880179970941
-0.223483449508144
1.31781116513166
1.69597915454482
-0.0784021992523354
-0.332547248307047
-0.417036905245974
0.561588736777368
1.22338436885968
-0.331938993666633
-2.25228378858353
-1.5642702183348
-1.60334189852773
1.49667899290851
0.038094889130616
0.817442297810982
0.291610129671585
1.2375922990024
0.0567936746302216
2.13659470974531
-0.434555485372697
-0.295720183045294
2.22510358058689
1.54880872377123
0.722745065992228
0.950923583097374
-1.89528832889457
0.746721851129053
-0.283138059992633
-1.29367379597675
-0.263843516389583
-0.991037458329139
0.186289718216125
0.0434073721373536
0.230473772217793
-0.318792839029606
0.0771717301012344
-1.02822005180848
-1.97834069545967
-0.700236118000465
-0.283203372090407
1.29565064966123
-0.448503709665063
-0.323801253158372
0.702840673717394
-0.534296124410893
1.33049583325009
-0.571239447154807
0.458985255860067
-1.08607022728829
-0.159233570669512
-0.64009112934754
0.157146920313236
0.163336851211127
-0.194046768520197
-0.674526292307179
-0.0345012473674947
0.739446608294543
1.53532316476742
-0.278076947243878
0.609271583118942
1.12093635583319
1.60231840993172
-0.482229309919253
-1.44985562067351
-0.373612293051254
-0.252669312293623
0.307939079538614
-1.17065936748913
-1.22661849265476
-0.279891967072148
0.631870251154792
1.11839840831438
0.490703341420444
-0.584075796823959
0.980520750821111
0.911079483093774
-1.08386230678556
0.810678209938372
-2.93926774649273
1.25616152930198
0.712162215733513
0.23929718893048
0.793336018097281
-0.0766173204523176
-0.282452975025712
0.469928883950953
-0.587565112750666
-1.79026872233794
1.57342385069328
-0.274058444513651
0.580174810007357
-0.255459292864799
-0.87385187997856
0.533702977712751
-0.709335986506087
2.76589674589439
0.290457082977828
-0.266743792517275
0.283182502029835
0.0092179095795646
-2.14734363598912
0.2584585365239
1.43460578863432
-0.0573504156142138
1.08863411793443
1.46438528014577
-0.478808860188701
0.968045375372322
-0.747470505624273
-0.602903575626595
-1.08862989151201
-1.57353641387656
0.0291366925024283
0.912404998562135
